20
87 -52 -85 43 60 -47 -24 52 -79 48 5 -15 11 -22 5 -6 70 40 -33 4
-51 63 -60 -37 89 78 8 77 -99 73 3 18 -12 -33 -6 7 2 58 -70 4
53 41 21 -15 -27 62 53 7 -80 -90 -2 -6 -45 11 83 12 -34 -6 75 0
-86 1 -75 -27 14 -94 -73 -54 -59 -20 1 10 63 17 -3 63 6 -32 -37 2
-81 45 88 -43 -81 -43 74 -70 -97 -64 5 23 67 24 14 8 33 23 -70 1
95 -13 39 68 76 49 -26 62 -4 -33 4 58 8 64 26 6 43 21 -15 20
-25 -28 -46 93 -47 57 68 -3 98 -70 4 31 9 35 85 -4 2 8 -9 -8
50 79 32 -22 -88 -80 23 -46 21 75 0 14 26 15 23 12 36 3 -7 -55
26 42 54 -34 -3 -93 31 -57 -40 -37 2 75 34 38 5 -15 11 -22 55 36
45 99 -6 -56 25 21 26 -37 -70 -70 1 -93 -25 46 3 18 -12 -33 -85 43
26 45 39 30 34 43 1 35 -76 -15 20 9 34 31 -2 -6 -45 11 -60 -37
21 12 5 8 40 43 8 15 41 -9 -8 40 16 -16 1 10 63 17 21 -15
5 -6 70 40 -11 44 14 -11 4 -7 -55 11 -11 31 93 -47 57 68 -75 -27
-6 7 2 58 45 -55 15 17 -15 55 36 -15 14 34 -22 -88 -80 23 88 -43
83 12 -34 -6 -60 64 -22 28 13 40 -90 63 12 40 -34 -3 -93 31 39 68
-3 63 6 -32 31 10 70 -25 66 16 14 77 35 30 -56 25 21 26 60 -47
14 8 33 23 35 13 23 66 32 19 72 -88 -36 50 -50 30 74 5 89 78
26 6 43 21 7 15 33 13 -85 26 3 10 15 21 16 52 61 6 -27 62
85 -4 2 8 2 22 4 10 -10 3 16 23 16 31 22 11 20 3 14 -94
23 12 36 3 36 3 4 15 -12 4 15 25 28 33 84 -20 3 15 -81 -43
10307 20308 630 -2356 -534 4216 2523 921 2120 -3084 -1422 2856 1227 -442 1584 3520 5249 3457 577 450
