12
87	-52	-85	43	60	-47	-24	52	-79	48	5	-15
-51	63	-60	-37	89	78	8	77	-99	73	3	18
53	41	21	-15	-27	62	53	7	-80	-90	-2	-6
-86	1	-75	-27	14	-94	-73	-54	-59	-20	1	10
-81	45	88	-43	-81	-43	74	-70	-97	-64	5	23
95	-13	39	68	76	49	-26	62	-4	-33	4	58
-25	-28	-46	93	-47	57	68	-3	98	-70	4	31
50	79	32	-22	-88	-80	23	-46	21	75	0	14
26	42	54	-34	-3	-93	31	-57	-40	-37	2	75
45	99	-6	-56	25	21	26	-37	-70	-70	1	-93
26	45	39	30	34	43	1	35	-76	-15	20	9
21	12	5	8	40	43	8	15	41	-9	-8	40
-438 748 -1339 -1511 -1744 1506 858 403 -245 -2183 275 1221
