11
87 -52 -85 43 60 -47 -24 52 -79 48 1
-51 63 -60 -37 89 78 8 77 -99 73 2
53 41 21 -15 -27 62 53 7 -80 -90 2
-86 1 -75 -27 14 -94 -73 -54 -59 -20 4
-81 45 88 -43 -81 -43 74 -70 -97 -64 5
95 -13 39 68 76 49 -26 62 -4 -33 6
-25 -28 -46 93 -47 57 68 -3 98 -70 8
50 79 32 -22 -88 -80 23 -46 21 75 9
26 42 54 -34 -3 -93 31 -57 -40 -37 0
45 99 -6 -56 25 21 26 -37 -70 -70 7
26 45 39 30 34 43 1 35 -76 -15 -1
15277 18298 -1100 -5709 -9527 9018 2882 -16624 -11851 -8771 7310


-25	-67	-18	69	63	51	50	38	-61	53	-51